image: map_tunnel.png
resolution: 0.050000
origin: [-100.000000, -100.000000, 0.000000]
negate: 0
occupied_thresh: 0.1
free_thresh: 0.1

